2 0.8170572916666666 0.8671875 0.18098958333333331 0.166015625
2 0.9108072916666666 0.7041015625 0.07682291666666666 0.068359375
2 0.9772135416666666 0.8095703125 0.04296875 0.109375
2 0.6015625 0.79150390625 0.16145833333333331 0.1572265625
2 0.6822916666666666 0.63427734375 0.31510416666666663 0.2412109375
2 0.755859375 0.51611328125 0.15234375 0.1376953125
2 0.5546875 0.43310546875 0.265625 0.1865234375
2 0.32877604166666663 0.69091796875 0.37109375 0.2900390625
2 0.23046875 0.3740234375 0.33854166666666663 0.19921875
2 0.34049479166666663 0.21533203125 0.3059895833333333 0.1826171875
2 0.60546875 0.23583984375 0.08072916666666666 0.0654296875
2 0.40625 0.1171875 0.21614583333333331 0.1328125
2 0.11653645833333333 0.16943359375 0.07682291666666666 0.0693359375
2 0.07747395833333333 0.498046875 0.15234375 0.107421875
2 0.9264322916666666 0.36962890625 0.06640625 0.0693359375
3 0.7194010416666666 0.9267578125 0.29296875 0.14453125
3 0.9563802083333333 0.8076171875 0.08463541666666666 0.150390625
3 0.6790364583333333 0.64697265625 0.26953125 0.2373046875
3 0.32877604166666663 0.69384765625 0.4075520833333333 0.3154296875
3 0.7747395833333333 0.50341796875 0.20572916666666666 0.1748046875
3 0.5234375 0.43212890625 0.203125 0.1826171875
3 0.25 0.375 0.3411458333333333 0.216796875
3 0.037109375 0.3076171875 0.07421875 0.14453125
3 0.5852864583333333 0.2392578125 0.11588541666666666 0.107421875
3 0.314453125 0.20849609375 0.26953125 0.1689453125
3 0.40234375 0.13623046875 0.21614583333333331 0.1181640625
0 0.6790364583333333 0.12158203125 0.17578125 0.2216796875
0 0.25651041666666663 0.064453125 0.1015625 0.12890625
3 0.08203125 0.0419921875 0.16145833333333331 0.083984375
0 0.11979166666666666 0.22216796875 0.23697916666666666 0.1025390625