2 0.583 0.6336336336336337 0.222 0.05405405405405406
2 0.644 0.5135135135135135 0.096 0.0960960960960961
2 0.454 0.5765765765765766 0.196 0.04804804804804805
2 0.20500000000000002 0.5135135135135135 0.11800000000000001 0.11411411411411411
3 0.919 0.6486486486486487 0.154 0.23423423423423423
0 0.901 0.5315315315315315 0.19 0.04204204204204204
0 0.587 0.8228228228228228 0.08600000000000001 0.1021021021021021
3 0.513 0.8048048048048048 0.33 0.17417417417417416
3 0.589 0.6501501501501501 0.28600000000000003 0.12912912912912913
3 0.636 0.545045045045045 0.20800000000000002 0.07507507507507508
3 0.448 0.5945945945945946 0.256 0.1021021021021021
3 0.38 0.53003003003003 0.22 0.06306306306306306
0 0.381 0.7102102102102102 0.274 0.2072072072072072
0 0.17500000000000002 0.575075075075075 0.306 0.02702702702702703
3 0.17 0.5900900900900901 0.22 0.08108108108108109