2 0.7197265625 0.8026315789473685 0.55859375 0.39196675900277006
2 0.6708984375 0.3801939058171745 0.291015625 0.2867036011080332
2 0.33447265625 0.2299168975069252 0.2724609375 0.12742382271468145
2 0.20556640625 0.5422437673130194 0.1904296875 0.27285318559556787
2 0.17822265625 0.5934903047091413 0.3564453125 0.5997229916897507
3 0.70068359375 0.7777008310249307 0.5966796875 0.44182825484764543
3 0.96923828125 0.26038781163434904 0.0595703125 0.26038781163434904
3 0.69970703125 0.40304709141274236 0.3935546875 0.2853185595567867
3 0.1982421875 0.6426592797783933 0.396484375 0.5623268698060941
3 0.33154296875 0.27770083102493076 0.3291015625 0.314404432132964
0 0.06103515625 0.3060941828254848 0.1220703125 0.16620498614958448
3 0.06201171875 0.2894736842105263 0.1240234375 0.2299168975069252